0.007, -0.10, 0.12, 1.02
, 0.017, -0.09, 0.11, 1.02
, 0.027, -0.08, 0.11, 1.02
, 0.036, -0.07, 0.09, 1.01
, 0.047, -0.06, 0.09, 1.01
, 0.056, -0.05, 0.07, 0.98
, 0.067, -0.06, 0.06, 1.00
, 0.077, -0.06, 0.07, 1.00
, 0.087, -0.07, 0.07, 1.00
, 0.096, -0.08, 0.08, 1.02
, 0.107, -0.08, 0.08, 1.00
, 0.117, -0.07, 0.08, 1.00
, 0.127, -0.06, 0.09, 1.00
, 0.136, -0.06, 0.08, 1.02
, 0.147, -0.06, 0.08, 1.03
, 0.156, -0.07, 0.09, 1.02
, 0.167, -0.06, 0.08, 1.04
, 0.176, -0.07, 0.08, 1.03
, 0.187, -0.08, 0.07, 1.02
, 0.197, -0.08, 0.08, 1.03
, 0.207, -0.08, 0.07, 1.02
, 0.217, -0.08, 0.06, 1.02
, 0.227, -0.05, 0.06, 1.01
, 0.237, -0.07, 0.06, 1.00
, 0.247, -0.06, 0.06, 1.01
, 0.256, -0.06, 0.06, 1.00
, 0.266, -0.05, 0.07, 1.01
, 0.276, -0.04, 0.08, 1.02
, 0.287, -0.06, 0.06, 1.02
, 0.296, -0.06, 0.04, 1.02
, 0.307, -0.06, 0.04, 1.01
, 0.316, -0.05, 0.08, 1.01
, 0.327, -0.04, 0.08, 1.00
, 0.336, -0.04, 0.07, 1.00
, 0.346, -0.05, 0.07, 1.00
, 0.356, -0.05, 0.07, 1.03
, 0.366, -0.05, 0.08, 1.02
, 0.376, -0.05, 0.09, 1.01
, 0.386, -0.05, 0.08, 1.03
, 0.397, -0.05, 0.08, 1.04
, 0.407, -0.06, 0.08, 1.04
, 0.417, -0.05, 0.08, 1.03
, 0.427, -0.05, 0.09, 1.04
, 0.437, -0.04, 0.09, 1.04
, 0.447, -0.05, 0.07, 1.04
, 0.456, -0.04, 0.07, 1.04
, 0.467, -0.05, 0.08, 1.02
, 0.476, -0.04, 0.07, 1.02
, 0.487, -0.06, 0.07, 1.02
, 0.497, -0.05, 0.06, 1.00
, 0.507, -0.05, 0.05, 1.02
, 0.517, -0.05, 0.06, 1.01
, 0.527, -0.04, 0.07, 1.00
, 0.537, -0.06, 0.07, 1.01
, 0.547, -0.04, 0.06, 1.01
, 0.556, -0.05, 0.06, 1.00
, 0.566, -0.05, 0.06, 1.01
, 0.576, -0.04, 0.06, 1.02
, 0.587, -0.05, 0.05, 1.01
, 0.597, -0.05, 0.05, 1.00
, 0.606, -0.05, 0.05, 1.02
, 0.616, -0.03, 0.06, 1.02
, 0.627, -0.04, 0.06, 1.02
, 0.636, -0.04, 0.06, 1.02
, 0.647, -0.03, 0.06, 1.02
, 0.656, -0.02, 0.05, 1.02
, 0.667, -0.04, 0.05, 1.02
, 0.677, -0.04, 0.05, 1.02
, 0.687, -0.02, 0.05, 1.02
, 0.697, -0.03, 0.05, 1.02
, 0.707, -0.03, 0.07, 1.03
, 0.717, -0.03, 0.06, 1.03
, 0.727, -0.03, 0.06, 1.03
, 0.736, -0.02, 0.06, 1.02
, 0.747, -0.03, 0.06, 1.06
, 0.756, -0.04, 0.05, 1.04
, 0.766, -0.03, 0.05, 1.05
, 0.776, -0.03, 0.06, 1.01
, 0.787, -0.03, 0.05, 1.02
, 0.797, -0.03, 0.07, 1.02
, 0.807, -0.03, 0.07, 1.03
, 0.816, -0.02, 0.06, 1.02
, 0.827, -0.03, 0.07, 1.00
, 0.836, -0.04, 0.06, 1.00
, 0.847, -0.03, 0.06, 1.02
, 0.857, -0.04, 0.06, 1.02
, 0.866, -0.04, 0.06, 1.02
, 0.877, -0.04, 0.05, 1.02
, 0.887, -0.04, 0.05, 1.00
, 0.897, -0.04, 0.05, 1.04
, 0.906, -0.04, 0.06, 1.01
, 0.916, -0.04, 0.04, 1.02
, 0.926, -0.04, 0.04, 1.03
, 0.936, -0.02, 0.06, 1.02
, 0.947, -0.03, 0.05, 1.02
, 0.956, -0.02, 0.05, 1.03
, 0.966, -0.02, 0.05, 1.00
, 0.976, -0.02, 0.05, 1.04
, 0.987, -0.03, 0.06, 1.02
, 0.997, -0.03, 0.05, 1.02
, 1.007, -0.02, 0.06, 1.04
, 1.017, -0.03, 0.05, 1.04
, 1.027, -0.03, 0.06, 1.02
, 1.036, -0.03, 0.05, 1.04
, 1.047, -0.04, 0.05, 1.03
, 1.056, -0.03, 0.05, 1.02
, 1.066, -0.03, 0.05, 1.02
, 1.077, -0.02, 0.06, 1.02
, 1.087, -0.02, 0.05, 1.02
, 1.097, -0.02, 0.05, 1.01
, 1.107, -0.02, 0.05, 1.00
, 1.117, -0.02, 0.06, 1.04
, 1.127, -0.03, 0.05, 1.02
, 1.136, -0.03, 0.05, 1.02
, 1.146, -0.03, 0.06, 1.01
, 1.156, -0.03, 0.06, 1.02
, 1.167, -0.03, 0.05, 1.02
, 1.176, -0.02, 0.06, 1.02
, 1.187, -0.04, 0.06, 1.04
, 1.197, -0.04, 0.06, 1.02
, 1.206, -0.04, 0.06, 1.02
, 1.216, -0.04, 0.06, 1.03
, 1.227, -0.04, 0.05, 1.05
, 1.237, -0.03, 0.05, 1.02
, 1.247, -0.03, 0.05, 1.02
, 1.257, -0.03, 0.05, 1.02
, 1.267, -0.04, 0.05, 1.02
, 1.277, -0.02, 0.05, 1.02
, 1.287, -0.02, 0.05, 1.01
, 1.297, -0.03, 0.06, 1.01
, 1.306, -0.02, 0.05, 1.01
, 1.317, -0.02, 0.06, 1.02
, 1.327, -0.03, 0.05, 1.02
, 1.336, -0.03, 0.05, 1.02
, 1.347, -0.04, 0.06, 1.02
, 1.356, -0.03, 0.06, 1.03
, 1.367, -0.04, 0.06, 1.04
, 1.377, -0.03, 0.06, 1.03
, 1.387, -0.02, 0.06, 1.02
, 1.397, -0.04, 0.06, 1.02
, 1.407, -0.03, 0.04, 1.02
, 1.417, -0.03, 0.06, 1.01
, 1.427, -0.04, 0.05, 1.00
, 1.437, -0.04, 0.06, 1.00
, 1.447, -0.03, 0.05, 1.00
, 1.457, -0.03, 0.06, 1.01
, 1.467, -0.05, 0.06, 1.02
, 1.477, -0.02, 0.08, 1.01
, 1.487, -0.02, 0.06, 1.00
, 1.497, -0.02, 0.04, 1.01
, 1.507, -0.02, 0.06, 1.04
, 1.516, -0.02, 0.06, 1.02
, 1.527, -0.01, 0.06, 1.03
, 1.536, -0.02, 0.05, 1.05
, 1.547, -0.02, 0.06, 1.05
, 1.557, -0.02, 0.05, 1.03
, 1.567, -0.02, 0.06, 1.02
, 1.577, -0.03, 0.06, 1.01
, 1.587, -0.02, 0.06, 1.04
, 1.597, -0.02, 0.08, 1.01
, 1.607, -0.02, 0.06, 1.01
, 1.617, -0.03, 0.06, 1.02
, 1.627, -0.03, 0.06, 1.02
, 1.637, -0.03, 0.07, 1.03
, 1.647, -0.03, 0.07, 1.01
, 1.657, -0.05, 0.07, 1.00
, 1.667, -0.06, 0.06, 1.00
, 1.677, -0.03, 0.08, 0.98
, 1.686, -0.04, 0.06, 1.00
, 1.697, -0.02, 0.06, 1.00
, 1.707, -0.02, 0.07, 1.04
, 1.716, -0.02, 0.05, 1.05
, 1.727, -0.02, 0.04, 1.02
, 1.736, -0.02, 0.03, 1.04
, 1.747, -0.02, 0.01, 1.03
, 1.757, -0.01, 0.02, 1.02
, 1.767, -0.02, 0.03, 1.03
, 1.776, -0.03, 0.02, 1.02
, 1.787, -0.02, 0.04, 1.02
, 1.797, -0.03, 0.05, 1.03
, 1.807, -0.04, 0.05, 1.04
, 1.817, -0.03, 0.04, 1.03
, 1.827, -0.03, 0.04, 1.02
, 1.836, -0.03, 0.06, 1.01
, 1.847, -0.04, 0.05, 1.00
, 1.857, -0.04, 0.04, 1.03
, 1.867, -0.02, 0.04, 1.02
, 1.877, -0.02, 0.04, 1.04
, 1.887, -0.02, 0.05, 1.03
, 1.897, -0.02, 0.05, 1.04
, 1.907, -0.02, 0.02, 1.04
, 1.917, -0.02, 0.04, 1.04
, 1.927, -0.02, 0.05, 1.02
, 1.937, -0.02, 0.04, 1.02
, 1.947, -0.01, 0.04, 1.03
, 1.956, -0.02, 0.04, 1.03
, 1.966, -0.02, 0.03, 1.02
, 1.976, -0.02, 0.04, 1.02
, 1.987, -0.02, 0.04, 1.02
, 1.997, -0.02, 0.04, 1.00
, 2.007, -0.02, 0.03, 1.02
, 2.016, -0.02, 0.03, 1.02
, 2.027, -0.03, 0.04, 1.00
, 2.037, -0.01, 0.02, 1.03
, 2.047, -0.02, 0.03, 1.00
, 2.057, -0.02, 0.02, 1.01
, 2.067, -0.00, 0.02, 1.04
, 2.077, -0.01, 0.04, 1.00
, 2.087, -0.01, 0.04, 1.03
, 2.097, -0.01, 0.04, 1.02
, 2.107, -0.03, 0.04, 1.03
, 2.117, -0.01, 0.04, 1.02
, 2.127, -0.02, 0.04, 1.02
, 2.137, -0.02, 0.04, 1.04
, 2.147, -0.02, 0.03, 1.03
, 2.156, -0.02, 0.05, 1.03
, 2.167, -0.02, 0.02, 1.03
, 2.177, -0.02, 0.03, 1.01
, 2.187, -0.02, 0.04, 1.03
, 2.197, -0.02, 0.02, 1.04
, 2.207, -0.02, 0.04, 1.02
, 2.217, -0.02, 0.02, 1.02
, 2.227, -0.02, 0.02, 1.04
, 2.236, -0.02, 0.01, 1.02
, 2.247, -0.02, 0.02, 1.03
, 2.257, -0.02, 0.03, 1.03
, 2.267, -0.02, 0.03, 1.03
, 2.276, -0.01, 0.03, 1.02
, 2.286, -0.01, 0.03, 1.02
, 2.297, -0.01, 0.05, 1.02
, 2.307, -0.01, 0.03, 1.02
, 2.316, -0.01, 0.02, 1.02
, 2.327, -0.01, 0.02, 1.02
, 2.336, -0.01, 0.03, 1.03
, 2.347, -0.01, 0.03, 1.03
, 2.357, -0.02, 0.02, 1.01
, 2.367, -0.01, 0.02, 1.01
, 2.377, -0.01, 0.02, 1.02
, 2.387, -0.01, 0.01, 1.02
, 2.397, -0.01, 0.02, 1.02
, 2.407, -0.00, 0.03, 1.01
, 2.417, -0.01, 0.03, 1.02
, 2.427, 0.00, 0.02, 1.02
, 2.437, -0.00, 0.02, 1.03
, 2.447, 0.00, 0.02, 1.02
, 2.457, -0.00, 0.02, 1.04
, 2.467, -0.00, 0.02, 1.02
, 2.477, -0.00, 0.02, 1.03
, 2.487, -0.01, 0.02, 1.05
, 2.497, -0.00, 0.02, 1.03
, 2.507, -0.01, 0.02, 1.02
, 2.517, -0.00, 0.01, 1.00
, 2.527, -0.01, 0.02, 1.04
, 2.537, -0.01, 0.03, 1.02
, 2.547, -0.01, 0.03, 1.02
, 2.556, -0.02, 0.03, 1.02
, 2.566, -0.00, 0.01, 0.99
, 2.577, -0.01, 0.02, 1.02
, 2.587, 0.00, 0.03, 1.01
, 2.597, -0.00, 0.02, 1.00
, 2.607, 0.00, 0.02, 1.03
, 2.617, -0.00, 0.03, 1.03
, 2.627, -0.01, 0.02, 1.04
, 2.636, -0.01, 0.02, 1.00
, 2.647, -0.00, 0.02, 1.03
, 2.656, 0.00, 0.02, 1.05
, 2.667, 0.00, 0.03, 1.03
, 2.676, -0.00, 0.03, 1.03
, 2.687, -0.01, 0.03, 1.02
, 2.697, -0.00, 0.03, 1.01
, 2.707, -0.01, 0.03, 1.02
, 2.716, -0.02, 0.03, 1.01
, 2.727, -0.01, 0.02, 1.01
, 2.736, -0.01, 0.02, 1.02
, 2.747, -0.00, 0.02, 1.02
, 2.756, 0.00, 0.02, 1.02
, 2.766, -0.01, 0.03, 1.01
, 2.776, 0.00, 0.03, 1.00
, 2.787, 0.00, 0.02, 1.01
, 2.797, 0.00, 0.02, 1.02
, 2.807, 0.00, 0.02, 1.02
, 2.816, -0.01, 0.02, 1.03
, 2.827, -0.00, 0.03, 1.04
, 2.837, -0.01, 0.02, 1.04
, 2.847, -0.01, 0.03, 1.03
, 2.857, -0.01, 0.02, 1.03
, 2.867, -0.01, 0.03, 1.03
, 2.876, -0.01, 0.02, 1.03
, 2.887, -0.01, 0.03, 1.02
, 2.897, -0.00, 0.02, 1.01
, 2.907, 0.00, 0.02, 1.01
, 2.917, -0.00, 0.03, 1.02
, 2.927, 0.00, 0.02, 1.01
, 2.937, 0.00, 0.02, 1.02
, 2.947, 0.00, 0.03, 1.04
, 2.957, 0.00, 0.03, 1.02
, 2.967, 0.00, 0.02, 1.01
, 2.977, 0.00, 0.03, 1.04
, 2.987, -0.00, 0.02, 1.01
, 2.997, -0.00, 0.02, 1.03
, 3.007, 0.00, 0.03, 1.05
, 3.017, 0.00, 0.04, 1.03
, 3.027, 0.00, 0.04, 1.04
, 3.037, -0.00, 0.03, 1.00
, 3.047, 0.01, 0.03, 1.02
, 3.057, 0.00, 0.04, 1.01
, 3.067, 0.00, 0.03, 1.02
, 3.077, 0.00, 0.04, 1.03
, 3.087, 0.00, 0.02, 1.02
, 3.097, 0.00, 0.03, 1.01
, 3.107, 0.00, 0.04, 1.00
, 3.117, 0.01, 0.03, 1.01
, 3.127, 0.00, 0.04, 1.02
, 3.137, 0.00, 0.03, 1.04
, 3.147, 0.01, 0.04, 1.01
, 3.157, -0.00, 0.02, 1.02
, 3.167, -0.00, 0.03, 1.02
, 3.177, 0.00, 0.03, 1.02
, 3.187, -0.00, 0.03, 1.01
, 3.197, -0.01, 0.04, 1.02
, 3.207, 0.00, 0.04, 1.02
, 3.217, -0.00, 0.05, 1.04
, 3.227, 0.00, 0.03, 1.03
, 3.237, 0.02, 0.03, 1.05
, 3.247, 0.01, 0.04, 1.04
, 3.257, 0.00, 0.04, 1.03
, 3.267, 0.00, 0.04, 1.04
, 3.277, 0.00, 0.05, 1.03
, 3.287, 0.00, 0.05, 1.04
, 3.297, 0.00, 0.04, 1.06
, 3.307, 0.00, 0.04, 1.04
, 3.317, -0.00, 0.04, 1.05
, 3.327, -0.00, 0.04, 1.03
, 3.337, -0.00, 0.05, 1.03
, 3.347, -0.01, 0.05, 1.04
, 3.357, 0.00, 0.06, 1.03
, 3.367, 0.00, 0.05, 1.04
, 3.377, -0.01, 0.06, 1.04
, 3.387, 0.01, 0.05, 1.04
, 3.397, 0.01, 0.07, 1.03
, 3.407, 0.01, 0.07, 1.02
, 3.417, 0.01, 0.07, 1.04
, 3.427, 0.02, 0.08, 1.02
, 3.437, 0.01, 0.08, 1.04
, 3.447, 0.01, 0.07, 1.02
, 3.457, 0.02, 0.08, 1.04
, 3.467, 0.03, 0.07, 1.03
, 3.476, 0.02, 0.07, 1.05
, 3.487, 0.02, 0.08, 1.05
, 3.497, 0.02, 0.08, 1.06
, 3.507, 0.02, 0.08, 1.04
, 3.517, 0.02, 0.09, 1.05
, 3.526, 0.02, 0.09, 1.05
, 3.537, 0.02, 0.09, 1.04
, 3.547, 0.02, 0.09, 1.05
, 3.557, 0.02, 0.10, 1.03
, 3.567, 0.03, 0.10, 1.07
, 3.577, 0.03, 0.11, 1.06
, 3.587, 0.03, 0.10, 1.06
, 3.597, 0.03, 0.12, 1.04
, 3.607, 0.02, 0.12, 1.04
, 3.617, 0.01, 0.12, 1.02
, 3.627, 0.02, 0.13, 1.01
, 3.637, 0.02, 0.13, 1.01
, 3.647, 0.01, 0.13, 0.98
, 3.657, 0.01, 0.15, 1.01
, 3.667, 0.00, 0.15, 1.00
, 3.677, -0.00, 0.16, 0.98
, 3.687, -0.00, 0.18, 1.00
, 3.697, -0.01, 0.18, 1.01
, 3.707, -0.01, 0.19, 1.00
, 3.717, -0.01, 0.20, 1.00
, 3.727, -0.01, 0.19, 1.01
, 3.737, 0.00, 0.20, 1.02
, 3.747, -0.01, 0.22, 1.01
, 3.757, 0.00, 0.22, 1.00
, 3.767, 0.00, 0.23, 1.01
, 3.776, 0.00, 0.22, 0.98
, 3.787, 0.00, 0.24, 1.00
, 3.797, -0.00, 0.25, 1.00
, 3.807, -0.01, 0.24, 0.99
, 3.817, -0.01, 0.24, 1.01
, 3.827, -0.02, 0.26, 0.98
, 3.836, -0.02, 0.27, 0.99
, 3.847, -0.01, 0.27, 0.98
, 3.857, -0.02, 0.28, 1.00
, 3.867, -0.01, 0.29, 0.98
, 3.876, -0.02, 0.27, 0.99
, 3.887, -0.02, 0.27, 0.98
, 3.896, -0.02, 0.27, 0.98
, 3.906, -0.02, 0.28, 0.95
, 3.917, -0.02, 0.28, 0.98
, 3.926, -0.03, 0.27, 0.97
, 3.936, -0.02, 0.28, 0.96
, 3.947, -0.02, 0.28, 0.93
, 3.956, -0.04, 0.30, 0.92
, 3.967, -0.02, 0.31, 0.92
, 3.976, -0.02, 0.33, 0.91
, 3.986, -0.02, 0.32, 0.88
, 3.996, -0.01, 0.33, 0.89
, 4.007, -0.02, 0.33, 0.86
, 4.016, -0.01, 0.34, 0.86
, 4.027, -0.01, 0.34, 0.86
, 4.037, -0.02, 0.35, 0.88
, 4.047, -0.01, 0.37, 0.86
, 4.056, -0.01, 0.37, 0.86
, 4.067, -0.02, 0.36, 0.86
, 4.076, -0.02, 0.38, 0.88
, 4.087, -0.04, 0.38, 0.91
, 4.097, -0.04, 0.41, 0.94
, 4.107, -0.04, 0.42, 0.96
, 4.117, -0.03, 0.43, 0.96
, 4.126, -0.03, 0.45, 1.00
, 4.136, -0.03, 0.45, 0.98
, 4.146, -0.04, 0.44, 0.99
, 4.156, -0.04, 0.46, 1.00
, 4.166, -0.04, 0.45, 1.01
, 4.177, -0.06, 0.46, 1.00
, 4.187, -0.07, 0.43, 0.99
, 4.197, -0.09, 0.42, 0.98
, 4.207, -0.11, 0.42, 0.97
, 4.217, -0.14, 0.41, 0.96
, 4.227, -0.10, 0.39, 0.96
, 4.237, -0.18, 0.44, 0.95
, 4.247, -0.15, 0.43, 0.91
, 4.257, -0.08, 0.44, 0.86
, 4.267, -0.09, 0.43, 0.83
, 4.277, -0.11, 0.47, 0.86
, 4.287, -0.12, 0.46, 0.87
, 4.297, -0.16, 0.47, 0.87
, 4.307, -0.15, 0.44, 0.87
, 4.317, -0.14, 0.42, 0.87
, 4.327, -0.13, 0.42, 0.89
, 4.337, -0.13, 0.43, 0.92
, 4.347, -0.18, 0.44, 0.92
, 4.357, -0.21, 0.42, 0.90
, 4.367, -0.20, 0.44, 0.86
, 4.376, -0.10, 0.41, 0.88
, 4.387, -0.06, 0.42, 0.92
, 4.397, -0.30, 0.52, 0.89
, 4.407, -0.39, 0.52, 0.81
, 4.417, -0.32, 0.52, 0.83
, 4.427, -0.32, 0.52, 0.83
, 4.437, -0.26, 0.52, 0.85
, 4.447, -0.24, 0.53, 0.85
, 4.457, -0.25, 0.52, 0.83
, 4.467, -0.30, 0.51, 0.83
, 4.477, -0.22, 0.45, 0.83
, 4.487, -0.25, 0.46, 0.80
, 4.497, -0.45, 0.59, 0.85
, 4.507, -0.58, 0.62, 0.90
, 4.517, -0.46, 0.53, 0.86
, 4.527, -0.39, 0.55, 0.81
, 4.537, -0.37, 0.58, 0.80
, 4.547, -0.36, 0.56, 0.83
, 4.556, -0.43, 0.54, 0.85
, 4.567, -0.45, 0.52, 0.84
, 4.576, -0.47, 0.51, 0.82
, 4.587, -0.50, 0.51, 0.79
, 4.597, -0.49, 0.46, 0.75
, 4.606, -0.44, 0.42, 0.67
, 4.616, -0.56, 0.46, 0.72
, 4.626, -0.65, 0.49, 0.72
, 4.637, -0.58, 0.45, 0.69
, 4.647, -0.54, 0.50, 0.65
, 4.656, -0.56, 0.49, 0.65
, 4.667, -0.63, 0.49, 0.64
, 4.677, -0.66, 0.45, 0.58
, 4.687, -0.68, 0.42, 0.56
, 4.696, -0.74, 0.44, 0.59
, 4.707, -0.72, 0.40, 0.58
, 4.717, -0.74, 0.40, 0.52
, 4.727, -0.78, 0.40, 0.54
, 4.736, -0.77, 0.40, 0.52
, 4.747, -0.79, 0.38, 0.52
, 4.756, -0.80, 0.34, 0.48
, 4.767, -0.86, 0.33, 0.46
, 4.777, -0.95, 0.33, 0.44
, 4.787, -0.90, 0.32, 0.44
, 4.797, -0.87, 0.34, 0.42
, 4.807, -0.86, 0.30, 0.40
, 4.817, -0.88, 0.29, 0.38
, 4.827, -0.89, 0.26, 0.35
, 4.837, -0.95, 0.24, 0.35
, 4.847, -1.00, 0.22, 0.36
, 4.857, -0.92, 0.22, 0.30
, 4.867, -0.91, 0.23, 0.34
, 4.877, -0.96, 0.20, 0.37
, 4.887, -1.00, 0.17, 0.37
, 4.897, -1.00, 0.12, 0.36
, 4.907, -0.98, 0.09, 0.34
, 4.917, -0.99, 0.11, 0.33
, 4.927, -0.98, 0.08, 0.31
, 4.937, -0.96, 0.09, 0.30
, 4.947, -0.96, 0.06, 0.28
, 4.957, -0.97, 0.07, 0.27
, 4.966, -1.01, 0.04, 0.27
, 4.977, -1.01, 0.04, 0.24
, 4.987, -0.96, 0.03, 0.24
, 4.996, -0.92, 0.04, 0.23
, 5.007, -0.93, 0.03, 0.24
, 5.017, -0.98, 0.00, 0.24
, 5.027, -0.99, -0.03, 0.24
, 5.037, -0.99, -0.06, 0.23
, 5.047, -0.98, -0.06, 0.21
, 5.056, -0.98, -0.08, 0.24
, 5.067, -0.99, -0.09, 0.21
, 5.077, -1.00, -0.11, 0.23
, 5.087, -0.99, -0.12, 0.22
, 5.097, -1.00, -0.15, 0.20
, 5.107, -1.00, -0.15, 0.20
, 5.117, -1.03, -0.17, 0.22
, 5.127, -0.99, -0.20, 0.20
, 5.137, -0.98, -0.20, 0.19
, 5.147, -1.00, -0.23, 0.24
, 5.157, -1.00, -0.26, 0.15
, 5.167, -0.96, -0.20, 0.18
, 5.177, -0.97, -0.20, 0.19
, 5.187, -1.00, -0.21, 0.16
, 5.197, -0.97, -0.22, 0.14
, 5.207, -0.97, -0.22, 0.16
, 5.216, -0.97, -0.23, 0.16
, 5.227, -0.98, -0.25, 0.16
, 5.237, -0.96, -0.28, 0.16
, 5.246, -0.98, -0.30, 0.15
, 5.256, -0.97, -0.32, 0.15
, 5.266, -0.97, -0.34, 0.16
, 5.276, -0.99, -0.33, 0.17
, 5.286, -0.94, -0.36, 0.15
, 5.296, -0.94, -0.33, 0.13
, 5.307, -0.95, -0.32, 0.17
, 5.316, -0.95, -0.33, 0.16
, 5.327, -0.96, -0.34, 0.17
, 5.336, -0.94, -0.34, 0.17
, 5.347, -0.94, -0.35, 0.22
, 5.357, -0.92, -0.36, 0.18
, 5.366, -0.93, -0.39, 0.20
, 5.376, -0.94, -0.40, 0.19
, 5.386, -0.91, -0.42, 0.20
, 5.396, -0.91, -0.43, 0.22
, 5.406, -0.89, -0.43, 0.22
, 5.416, -0.88, -0.43, 0.23
, 5.427, -0.89, -0.43, 0.23
, 5.436, -0.89, -0.43, 0.26
, 5.447, -0.89, -0.41, 0.26
, 5.456, -0.91, -0.41, 0.24
, 5.467, -0.90, -0.40, 0.25
, 5.477, -0.90, -0.41, 0.27
, 5.486, -0.91, -0.42, 0.27
, 5.497, -0.91, -0.43, 0.27
, 5.506, -0.92, -0.44, 0.24
, 5.516, -0.92, -0.46, 0.23
, 5.526, -0.92, -0.46, 0.22
, 5.537, -0.90, -0.47, 0.24
, 5.547, -0.91, -0.47, 0.23
, 5.556, -0.92, -0.46, 0.22
, 5.567, -0.91, -0.44, 0.25
, 5.577, -0.90, -0.44, 0.26
, 5.587, -0.90, -0.44, 0.26
, 5.597, -0.90, -0.42, 0.26
, 5.607, -0.90, -0.42, 0.28
, 5.617, -0.90, -0.42, 0.26
, 5.627, -0.89, -0.42, 0.25
, 5.637, -0.90, -0.43, 0.26
, 5.647, -0.89, -0.44, 0.26
, 5.656, -0.90, -0.44, 0.26
, 5.667, -0.90, -0.44, 0.25
, 5.676, -0.90, -0.45, 0.26
, 5.686, -0.90, -0.45, 0.25
, 5.696, -0.91, -0.45, 0.24
, 5.707, -0.91, -0.44, 0.25
, 5.717, -0.90, -0.43, 0.26
, 5.727, -0.91, -0.43, 0.26
, 5.736, -0.90, -0.44, 0.26
, 5.747, -0.90, -0.44, 0.26
, 5.757, -0.90, -0.43, 0.24
, 5.767, -0.89, -0.45, 0.26
, 5.776, -0.90, -0.45, 0.25
, 5.787, -0.90, -0.44, 0.28
, 5.796, -0.89, -0.45, 0.26
, 5.807, -0.90, -0.44, 0.27
, 5.817, -0.91, -0.42, 0.26
, 5.827, -0.92, -0.42, 0.24
, 5.837, -0.92, -0.43, 0.23
, 5.847, -0.94, -0.44, 0.23
, 5.857, -0.92, -0.44, 0.24
, 5.867, -0.93, -0.43, 0.24
, 5.877, -0.93, -0.45, 0.23
, 5.887, -0.95, -0.44, 0.24
, 5.897, -0.94, -0.44, 0.23
, 5.907, -0.93, -0.45, 0.22
, 5.917, -0.94, -0.45, 0.25
, 5.927, -0.92, -0.45, 0.24
, 5.936, -0.91, -0.45, 0.24
, 5.947, -0.91, -0.45, 0.27
, 5.957, -0.91, -0.44, 0.23
, 5.967, -0.92, -0.44, 0.24
, 5.977, -0.91, -0.43, 0.24
, 5.987, -0.91, -0.44, 0.23
, 5.996, -0.90, -0.42, 0.27
, 6.007, -0.90, -0.43, 0.24
, 6.017, -0.90, -0.42, 0.24
, 6.027, -0.92, -0.43, 0.23
, 6.037, -0.92, -0.43, 0.25
, 6.047, -0.92, -0.43, 0.23
, 6.057, -0.92, -0.44, 0.22
, 6.067, -0.91, -0.45, 0.21
, 6.077, -0.91, -0.46, 0.22
, 6.087, -0.92, -0.45, 0.23
, 6.097, -0.92, -0.44, 0.24
, 6.107, -0.91, -0.43, 0.22
, 6.117, -0.92, -0.42, 0.24
, 6.127, -0.90, -0.42, 0.24
, 6.137, -0.91, -0.41, 0.24
, 6.147, -0.92, -0.40, 0.25
, 6.157, -0.92, -0.40, 0.24
, 6.167, -0.91, -0.40, 0.25
, 6.177, -0.91, -0.41, 0.23
, 6.187, -0.92, -0.40, 0.24
, 6.197, -0.92, -0.41, 0.24
, 6.207, -0.93, -0.40, 0.24
, 6.217, -0.94, -0.40, 0.22
, 6.227, -0.94, -0.39, 0.24
, 6.237, -0.94, -0.39, 0.24
, 6.247, -0.95, -0.40, 0.24
, 6.257, -0.96, -0.40, 0.27
, 6.267, -0.95, -0.41, 0.24
, 6.277, -0.96, -0.40, 0.28
, 6.287, -0.97, -0.41, 0.26
, 6.297, -0.96, -0.41, 0.24
, 6.307, -0.95, -0.41, 0.24
, 6.317, -0.94, -0.41, 0.24
, 6.327, -0.94, -0.40, 0.24
, 6.337, -0.94, -0.42, 0.25
, 6.347, -0.94, -0.41, 0.23
, 6.357, -0.94, -0.40, 0.26
, 6.366, -0.95, -0.40, 0.23
, 6.377, -0.95, -0.41, 0.23
, 6.386, -0.95, -0.40, 0.24
, 6.396, -0.94, -0.40, 0.20
, 6.406, -0.94, -0.42, 0.24
, 6.416, -0.94, -0.41, 0.22
, 6.426, -0.94, -0.41, 0.22
, 6.437, -0.94, -0.39, 0.22
, 6.446, -0.92, -0.40, 0.24
, 6.457, -0.92, -0.40, 0.23
, 6.466, -0.91, -0.39, 0.21
, 6.476, -0.90, -0.39, 0.24
, 6.486, -0.91, -0.39, 0.22
, 6.496, -0.90, -0.40, 0.21
, 6.506, -0.92, -0.40, 0.24
, 6.516, -0.92, -0.40, 0.20
, 6.526, -0.92, -0.39, 0.22
, 6.537, -0.92, -0.40, 0.21
, 6.546, -0.92, -0.39, 0.22
, 6.556, -0.91, -0.41, 0.23
, 6.566, -0.92, -0.39, 0.24
, 6.576, -0.92, -0.39, 0.23
, 6.586, -0.92, -0.38, 0.22
, 6.596, -0.91, -0.39, 0.22
, 6.606, -0.92, -0.39, 0.21
, 6.617, -0.92, -0.40, 0.23
, 6.626, -0.92, -0.40, 0.23
, 6.637, -0.93, -0.40, 0.23
, 6.646, -0.93, -0.40, 0.23
, 6.657, -0.94, -0.39, 0.22
, 6.666, -0.93, -0.40, 0.22
, 6.676, -0.93, -0.39, 0.23
, 6.686, -0.94, -0.38, 0.22
, 6.696, -0.94, -0.37, 0.24
, 6.706, -0.95, -0.36, 0.21
, 6.717, -0.98, -0.33, 0.20
, 6.727, -0.96, -0.30, 0.20
, 6.737, -0.96, -0.26, 0.18
, 6.747, -0.98, -0.22, 0.17
, 6.757, -1.00, -0.23, 0.15
, 6.766, -1.00, -0.26, 0.14
, 6.776, -1.00, -0.27, 0.12
, 6.787, -0.98, -0.30, 0.16
, 6.797, -0.97, -0.30, 0.14
, 6.806, -0.95, -0.26, 0.11
, 6.817, -0.90, -0.26, 0.12
, 6.826, -0.85, -0.23, 0.12
, 6.837, -0.82, -0.17, 0.12
, 6.847, -0.80, -0.12, 0.14
, 6.857, -0.81, -0.03, 0.12
, 6.866, -0.83, 0.04, 0.10
, 6.876, -0.88, 0.05, 0.09
, 6.886, -0.96, 0.08, 0.10
, 6.897, -0.98, 0.09, 0.12
, 6.907, -1.00, 0.08, 0.11
, 6.917, -1.01, 0.03, 0.10
, 6.926, -1.06, -0.06, 0.11
, 6.937, -0.94, -0.04, 0.17
, 6.947, -0.92, 0.03, 0.12
, 6.957, -1.00, 0.04, 0.19
, 6.966, -1.08, 0.09, 0.31
, 6.977, -1.07, 0.11, 0.37
, 6.986, -1.05, 0.15, 0.38
, 6.997, -1.00, 0.19, 0.36
, 7.007, -0.89, 0.20, 0.37
, 7.017, -0.91, 0.19, 0.35
, 7.027, -0.94, 0.13, 0.39
, 7.037, -0.90, 0.09, 0.43
, 7.047, -0.95, 0.09, 0.42
, 7.057, -0.92, 0.08, 0.46
, 7.067, -0.89, 0.08, 0.50
, 7.077, -0.84, 0.12, 0.54
, 7.086, -0.80, 0.19, 0.53
, 7.097, -0.76, 0.24, 0.52
, 7.107, -0.69, 0.28, 0.49
, 7.117, -0.62, 0.30, 0.48
, 7.127, -0.60, 0.28, 0.49
, 7.137, -0.64, 0.27, 0.58
, 7.146, -0.77, 0.32, 0.62
, 7.156, -0.70, 0.35, 0.76
, 7.167, -0.74, 0.32, 0.75
, 7.177, -0.71, 0.33, 0.76
, 7.186, -0.62, 0.36, 0.71
, 7.197, -0.56, 0.40, 0.63
, 7.207, -0.62, 0.42, 0.61
, 7.217, -0.62, 0.52, 0.68
, 7.226, -0.58, 0.56, 0.68
, 7.237, -0.57, 0.51, 0.73
, 7.247, -0.57, 0.45, 0.70
, 7.257, -0.52, 0.40, 0.74
, 7.266, -0.53, 0.44, 0.87
, 7.277, -0.55, 0.44, 0.87
, 7.287, -0.56, 0.48, 0.84
, 7.297, -0.55, 0.50, 0.82
, 7.307, -0.56, 0.52, 0.78
, 7.317, -0.50, 0.52, 0.72
, 7.327, -0.46, 0.54, 0.68
, 7.337, -0.44, 0.53, 0.66
, 7.347, -0.42, 0.54, 0.73
, 7.357, -0.39, 0.57, 0.80
, 7.367, -0.38, 0.58, 0.86
, 7.377, -0.37, 0.62, 0.92
, 7.387, -0.36, 0.66, 0.98
, 7.397, -0.36, 0.62, 0.96
, 7.406, -0.33, 0.56, 0.94
, 7.417, -0.28, 0.56, 0.89
, 7.426, -0.24, 0.60, 0.86
, 7.437, -0.20, 0.61, 0.83
, 7.447, -0.16, 0.62, 0.80
, 7.457, -0.14, 0.61, 0.80
, 7.467, -0.11, 0.60, 0.76
, 7.477, -0.10, 0.64, 0.80
, 7.487, -0.09, 0.67, 0.82
, 7.497, -0.09, 0.70, 0.90
, 7.507, -0.07, 0.71, 0.92
, 7.517, -0.06, 0.70, 0.96
, 7.527, -0.08, 0.65, 0.96
, 7.537, -0.08, 0.63, 0.93
, 7.547, -0.10, 0.65, 0.92
, 7.557, -0.09, 0.65, 0.92
, 7.567, -0.09, 0.65, 0.90
, 7.577, -0.10, 0.64, 0.86
, 7.587, -0.10, 0.64, 0.81
, 7.597, -0.11, 0.63, 0.76
, 7.607, -0.12, 0.62, 0.76
, 7.617, -0.13, 0.62, 0.74
, 7.627, -0.13, 0.59, 0.72
, 7.637, -0.14, 0.61, 0.73
, 7.647, -0.14, 0.61, 0.78
, 7.657, -0.15, 0.62, 0.79
, 7.667, -0.17, 0.64, 0.79
, 7.677, -0.17, 0.64, 0.78
, 7.686, -0.18, 0.65, 0.76
, 7.697, -0.19, 0.68, 0.72
, 7.707, -0.18, 0.68, 0.69
, 7.717, -0.21, 0.69, 0.69
, 7.727, -0.22, 0.69, 0.72
, 7.737, -0.24, 0.65, 0.72
, 7.747, -0.24, 0.64, 0.73
, 7.756, -0.22, 0.60, 0.72
, 7.766, -0.22, 0.60, 0.73
, 7.777, -0.22, 0.60, 0.74
, 7.786, -0.22, 0.63, 0.74
, 7.797, -0.22, 0.66, 0.76
, 7.807, -0.23, 0.67, 0.76
, 7.817, -0.22, 0.66, 0.78
, 7.827, -0.22, 0.67, 0.77
, 7.837, -0.22, 0.64, 0.76
, 7.847, -0.22, 0.64, 0.76
, 7.857, -0.22, 0.63, 0.74
, 7.867, -0.21, 0.65, 0.74
, 7.877, -0.21, 0.63, 0.74
, 7.886, -0.21, 0.64, 0.74
, 7.897, -0.21, 0.66, 0.74
, 7.906, -0.20, 0.66, 0.74
, 7.917, -0.20, 0.65, 0.75
, 7.927, -0.19, 0.65, 0.75
, 7.937, -0.20, 0.64, 0.76
, 7.947, -0.21, 0.64, 0.75
, 7.957, -0.21, 0.65, 0.76
, 7.967, -0.20, 0.65, 0.78
, 7.977, -0.19, 0.64, 0.78
, 7.987, -0.18, 0.63, 0.77
, 7.997, -0.17, 0.63, 0.77
,8.007, -0.17, 0.63, 0.74
, 8.017, -0.20, 0.64, 0.75
, 8.027, -0.19, 0.65, 0.75
, 8.037, -0.18, 0.65, 0.75
, 8.047, -0.18, 0.65, 0.75
, 8.056, -0.18, 0.65, 0.78
, 8.067, -0.18, 0.63, 0.76
, 8.077, -0.18, 0.62, 0.76
, 8.087, -0.18, 0.62, 0.78
, 8.097, -0.18, 0.63, 0.77
, 8.106, -0.19, 0.64, 0.76
, 8.117, -0.19, 0.64, 0.74
, 8.126, -0.19, 0.62, 0.75
, 8.137, -0.21, 0.66, 0.76
, 8.147, -0.22, 0.64, 0.74
, 8.157, -0.21, 0.63, 0.75
, 8.167, -0.19, 0.63, 0.74
, 8.177, -0.20, 0.64, 0.74
, 8.186, -0.20, 0.65, 0.75
, 8.197, -0.21, 0.64, 0.74
, 8.206, -0.22, 0.64, 0.73
, 8.217, -0.21, 0.64, 0.74
, 8.226, -0.22, 0.64, 0.74
, 8.237, -0.23, 0.63, 0.75
, 8.247, -0.22, 0.66, 0.74
, 8.257, -0.24, 0.66, 0.74
, 8.267, -0.23, 0.65, 0.76
, 8.277, -0.24, 0.64, 0.75
, 8.286, -0.23, 0.65, 0.74
, 8.296, -0.23, 0.64, 0.76
, 8.307, -0.23, 0.65, 0.76
, 8.317, -0.23, 0.65, 0.74
, 8.327, -0.22, 0.66, 0.72
, 8.337, -0.23, 0.64, 0.72
, 8.346, -0.24, 0.64, 0.71
, 8.357, -0.22, 0.64, 0.73
, 8.367, -0.22, 0.64, 0.74
, 8.377, -0.22, 0.65, 0.71
, 8.386, -0.22, 0.65, 0.74
, 8.396, -0.22, 0.63, 0.74
, 8.406, -0.23, 0.62, 0.74
, 8.417, -0.22, 0.62, 0.74
, 8.427, -0.22, 0.63, 0.72
, 8.437, -0.22, 0.64, 0.73
, 8.447, -0.23, 0.62, 0.73
, 8.457, -0.23, 0.64, 0.70
, 8.467, -0.24, 0.66, 0.70
, 8.477, -0.24, 0.66, 0.68
, 8.487, -0.25, 0.67, 0.68
, 8.497, -0.28, 0.66, 0.70
, 8.507, -0.28, 0.67, 0.72
, 8.517, -0.27, 0.69, 0.73
, 8.527, -0.26, 0.70, 0.73
, 8.537, -0.26, 0.70, 0.74
, 8.547, -0.26, 0.67, 0.75
, 8.557, -0.26, 0.66, 0.74
, 8.567, -0.26, 0.64, 0.73
, 8.577, -0.26, 0.64, 0.74
